Input Sample	B.cells.naive	B.cells.memory	Plasma.cells	T.cells.CD8	T.cells.CD4.naive	T.cells.CD4.memory.resting	T.cells.CD4.memory.activated	T.cells.follicular.helper	T.cells.regulatory..Tregs.	T.cells.gamma.delta	NK.cells.resting	NK.cells.activated	Monocytes	Macrophages.M0	Macrophages.M1	Macrophages.M2	Dendritic.cells.resting	Dendritic.cells.activated	Mast.cells.resting	Mast.cells.activated	Eosinophils	Neutrophils	P-value	Pearson Correlation	RMSE
Sample_002	0.04816932201895094	0.053030913391407496	0	0.24071309245218175	0	0	0.04592054746172262	0	0.019382524669002553	0	0.11046753638481815	0.01774364715044116	0.3268159741078875	0	0	0.03680432688237024	0	0.01699866717434764	0.08395344830686993	0	0	0	0	0.3317589379848535	0.9534537915153768
Sample_006	0.06006925682858405	0	0	0.36293331589207833	0	0.10694200125805779	0.029385408376620344	0.023788769052670536	0.1144074824176558	0	0	0.042619029046224756	0.16262124162455496	0	0.0018500184427355142	0.02798942686378411	0	0.013183692685317872	0.05067002966859782	0	0	0.003540327843118061	0.01	0.29156193033891686	0.9831090679360948
Sample_019	0.11144261123366277	0.027044643672585123	0	0.21823614250377574	0.01969967506358604	0.0732443613562871	0	0	0.002763976277210788	0.010294419012440175	0.25573559665107193	0.03390679319221459	0.24253263901919883	0	0	0.004458755254088869	0	0.0005	0	0.0002	0	0	0	0.506258819223076	0.866163081674265
Sample_023	0.06635444098329912	0.04574142644558872	0	0.06118161561926841	0	0.29800952781403184	0	0.013153478293199242	0.022008163545519127	0	0.023691879668201198	0.04375805443773716	0.32754651042789407	0	0	0.02812438490030371	0	0.015908976243968538	0.05452154162098893	0	0	0	0.01	0.28700185835424413	0.974101291394722
Sample_026	0.03562149093553453	0.04515698562884386	0	0.26015270103683386	0	0.054267884918791656	0.015406752880572583	0.013085054036031636	0.03186474197731184	0	0.02285544591195056	0.016204246981971666	0.3976399482473668	0	0	0.04071980292195061	0	0.02110286789113133	0.045922076631709066	0	0	0	0.01	0.2665642750554212	0.9881890633878619
Sample_027	0.0660091871439733	0.01928303203074517	0	0.2299822603020439	0.08136986949986429	0	0.007956879789219455	0	0.02587100293646	0.05770530952409396	0.01950242924359925	0.05657627272433418	0.273836456528191	0	0	0.045179715421138675	0	0.013929019457234959	0.10279856539910188	0	0	0	0	0.32765550404478355	0.9558913913045274
Sample_030	0.024149326833922628	0.04415866261271096	0	0.1780834252562414	0	0.07140950978652578	0.00810734532351754	0.0124556299561078	0.023536300581890664	0.06860134012247046	0.0524748863423763	0.08608149829601312	0.27400022825914366	0.0033616631217490305	0	0.04437193948173682	0	0.010956572119445571	0.09825167190614828	0	0	0	0	0.44882469719212076	0.8942485642327309
Sample_034	0.06862012579010529	0	0	0.1384723002758706	0.06937580131091164	0.11907980182183313	0.03561373434398357	0	0	0	0.055149713600890514	0.06347434644778788	0.32006425553005347	0	0	0.043044382811051135	0	0.013246560396423537	0.07385897767108923	0	0	0	0	0.3485092847324854	0.9448386446852463
Sample_040	0.14163038044487541	0	0	0.11993285988099152	0.005594620020370348	0	0.09433182666165055	0.02739407096961194	0.028954971711807505	0.013510234798603962	0.03051735411851628	0.0684867659298538	0.2880726477690587	0.006692764575301042	0	0.035476348301044756	0	0.016463369203174896	0.1229417856151393	0	0	0	0.01	0.2959889227080825	0.9653434838228412
Sample_041	0.04579537105929384	0	0	0.1488553825661003	0.19769637566101245	0.051447940002128094	0.08442532400821694	0	0.01894172428872479	0.004130511055680218	0.04890816917021766	0.08773312199295691	0.16509542130244237	0.00340022485072532	0	0.0436581842943579	0	0.01020556480165099	0.08970668494649221	0	0	0	0.01	0.30443194492979786	0.9689877179316232
Sample_042	0.01955479491603833	0.0021863814291445617	0	0.07069780756341934	0	0.06808482967859589	0.07623329672025812	0.023081902037158635	0	0.013663255993785527	0.05079287451977843	0.057452970095522506	0.5463864491373704	0	0	0.027276952521543482	0	0.009257926944627922	0.03533055844275686	0	0	0	0	0.35599620168148893	0.9541931156459885
Sample_043	0.02675615846342915	0.0003	0	0.09488504305716913	0.15912573327227197	0.14487029094743029	0.06196782763305357	0	0	0	0.048551939433463025	0.09749045120180537	0.19001673066343722	0.010352399732049607	0	0.0389106425274241	0	0.009873169634462721	0.1168663958911418	0	0	0	0.01	0.2883499667370487	0.9756438957789327
Sample_045	0.052200818744235225	0.015073492917976772	0	0.20422957092957877	0.1413300646816132	0.156922249468675	0.0235998223014028	0	0	0.005559169170071249	0	0.12306607397320424	0.15163264735805015	0.003314444147635499	0	0.03579209107675576	0	0.00959366406694072	0.07768589116386061	0	0	0	0.01	0.30531850817393685	0.975411116748259
Sample_047	0.038271580467174014	0.01681082511947478	0	0.1418500921771796	0.15452801334679456	0.094174905253325	0.07425246949873314	0	0.01386121080335756	0.008479876111982566	0.04279391272829645	0.12085679843858686	0.12449141164892176	0.02492422206486302	0	0.01296314642268422	0	0.008867435481844392	0.12287410043678217	0	0	0	0.01	0.28089911840901705	0.984663316448029
Sample_054	0.05539305374876357	0.027012908087004493	0	0.17404356571762178	0.1250216567813826	0.13556983186229812	0.049279025598470076	0.023860001036393002	0.055045364773638215	0	0	0.03754062794973026	0.2318527967773571	0	0	0.022095714827171455	0	0.011771736491229671	0.05151371634893963	0	0	0	0.01	0.2750491925943213	0.9817487240349522
Sample_055	0.021241869092798404	0.013751122519389895	0	0.06565157198580927	0.04834521375799041	0.19529258090890975	0.029715281395932363	0	0.012456044586624861	0	0.022921095154264718	0.061076417757185995	0.3752442738583243	0	0	0.05408267770188084	0	0.0162651802447296	0.07866211847793228	0	0	0.005294552558227322	0.01	0.2963006038339008	0.9706531573682152
Sample_057	0.035105844225568235	0.017514487760596376	0	0.47816931793338174	0.06287397462210503	0	0.01691798362755674	0.03626186707264421	0.04004872397576448	0	0	0.06458112166110141	0.1310502504015697	0.0044266900173843896	0	0.0256442443318572	0	0.011010081589300903	0.07639541278116956	0	0	0	0.01	0.2994854363474085	0.9880635896580156
Sample_058	0.039292802879096325	0.021965718866665266	0	0.3233634870113391	0.16208477413584685	0.07164026880369706	0	0.02720211772547338	0.04965024917374785	0	0	0.07886421706167909	0.16487150912484405	0	0	0.014069742921621328	0	0.00793563231223984	0.039059479983749854	0	0	0	0.02	0.2284713683118612	1.0256290708192501
Sample_060	0.05526336308615099	0	0	0.2773324919612176	0	0.09012783132624384	0.06696607825032125	0	0.009299763351616759	0.12208146518424581	0	0.060652371127651886	0.2904930182679054	0	0	0.004191397782558562	0	0.005404656914223443	0	0.01584607488339731	0	0.002341487864467155	0	0.34311028200817406	0.9611305636651765
Sample_061	0.04904780614138634	0	0	0.17264176078732585	0	0.21228660959428552	0.046623023818380044	0	0.011489563749978992	0.10314296315491614	0	0.05164302512917335	0.2275808288857058	0.01778960457376998	0	0.023247375264749442	0	0.016565348215777632	0.06794209068455087	0	0	0	0	0.3585304355662612	0.9425012548989201
