B.cells.naive	B.cells.memory	Plasma.cells	T.cells.CD8	T.cells.CD4.naive	T.cells.CD4.memory.resting	T.cells.CD4.memory.activated	T.cells.follicular.helper	T.cells.regulatory..Tregs.	T.cells.gamma.delta	NK.cells.resting	NK.cells.activated	Monocytes	Macrophages.M0	Macrophages.M1	Macrophages.M2	Dendritic.cells.resting	Dendritic.cells.activated	Mast.cells.resting	Mast.cells.activated	Eosinophils	Neutrophils
Sample_002	0.0877380166713981	0	0.0634833777278712	0.0577890582665523	0	0	0	0.116677474574525	0	0.103612645665177	0.133794496652263	0	0.238993917145997	0	0.0314234186404954	0	0	0.0691489201793748	0.00955180454132236	0.0168951591413519	0.0708917107936721	0
Sample_006	0.0863967825449415	0	0.0583562321468164	0.0704609835408446	0	0.0890769815308733	0	0.140512780095708	0	0.0135905861778602	0.123485254001313	0	0.163334896923301	0.00256645138850772	0.0388465252385265	0	0	0.0813563389111415	0	0.0611817626443322	0.0708344248558338	0
Sample_019	0.0629949362907208	0.0255611774149859	0.0402206743626801	0.127888065084297	0	0.0209721930679892	0	0.0235524030565358	0	0.0767558334691779	0.344607785738159	0	0.193899947434656	0	0.0459373138263034	0.00240929264422848	0	0.0194406398383526	0.00901043126046567	0	0.00674930651144788	0
Sample_023	0.0926410453680034	0	0.0716132603616018	0	0	0.0371470690055611	0	0.169524328026123	0	0	0.0976364304496478	0.0255671773161882	0.284708282522272	0	0	0	0	0.0865204817350751	0	0.0516415009980963	0.0830004242174312	0
Sample_026	0.0777393153080132	0	0.0909631953576397	0.0347167609581542	0	0	0	0.179200811356306	0	0	0.107011726575293	0.00262330717790277	0.266507739800701	0	0.000171358293048991	0	0	0.0978121917557307	0	0.0574233996451818	0.0858301937720293	0
Sample_027	0.0922508589117501	0	0.0752380909983199	0.0864002662301874	0	0	0	0.146501834791075	0	0.0707630662854797	0.118605379549053	0	0.229951373355113	0	0.00995896183045251	0	0	0.0597244104595727	0	0.0277825490064501	0.0828232085825459	0
Sample_030	0.0431483135781589	0.00328358894227319	0.0503720170435169	0.107381839979949	0	0	0	0.0995698845110831	0	0.111072670028611	0.189875685737155	0	0.313049859130621	0	0.00887764376946779	0	0	0.0391912603555901	0.00468825091071935	0	0.0294889860128557	0
Sample_034	0.0557115076918406	0	0.0805707592484486	0.0133358043761315	0	0.0236242452922644	0	0.192240809275179	0	0	0.145299071268956	0	0.334428280669959	0	0	0	0	0.0583145718007439	0	0.0192403343613604	0.0772346160151159	0
Sample_040	0.0774875690424326	0	0.0930283430020402	0.0143703706222883	0	0	0	0.1804985013378	0	0	0.160885895599422	0.0040683673023536	0.31145325339183	0	0.0125096807806995	0	0	0.059504862217205	0.0220397435612085	0	0.0641534131427207	0
Sample_041	0.0806001526975566	0	0.0672519552715872	0.0344868387422493	0	0.0961297061979737	0	0.149368364830048	0	0.0177487502265586	0.163552779855027	0.0301692542208594	0.153446371184636	0	0.0312063258457624	0.00214217636469619	0.00756331514107213	0.057176345989645	0.0224467191811697	0	0.0867109442511587	0
Sample_042	0.0233210077073787	0	0.0742373049823505	0	0	0	0	0.13828359162398	0	0.0236442543983202	0.148567593128867	0	0.378662123131364	0	0	0	0	0.0662005628036964	0	0.104982245163455	0.0421013170605888	0
Sample_043	0.0785656142142953	0	0.0721450994704626	0	0	0.103779394903483	0	0.159874372265421	0	0.052023073338253	0.12202590141247	0.0358408229954397	0.173174761407722	0.0103004597631583	0.0207582941510705	0	0	0.0481198854365078	0.023244911871213	0	0.100147408770503	0
Sample_045	0.103573539953908	0	0.0739564963990366	0.00668481125988346	0	0.148508922457385	0	0.148534552398198	0	0.0378743334912683	0.104153071152701	0.0247738211178399	0.161824559664535	0.00498213110587193	0.0256668799761099	0	0.000427761977217694	0.0444964630115194	0.0243090170332402	0	0.0902336390012851	0
Sample_047	0.107989219085164	0	0.0755786322655948	0	0	0.112715731280928	0	0.181963351507452	0	0.0320802168578576	0.112098840325726	0.0499353804557386	0.104499510210328	0	0.0118097574131445	0	0	0.0534295208925687	0.0171610339741392	0	0.140738805731359	0
Sample_054	0.0983329128461134	0	0.0856896109140121	0.0285903792322572	0	0.0676003726498779	0	0.204307199860152	0	0	0.0502962398890899	0.0407950126858224	0.183926721805298	0.00162165354985905	0.0274988693813827	0	0	0.0795314510800113	0.0291753562258293	0	0.102634219880295	0
Sample_055	0.0380844952256413	0	0.0954096604965011	0.0220713075659425	0	0	0	0.184748248188841	0	0	0.0945989023564767	0	0.348675548959932	0	0.0138881709480742	0	0	0.0678708379949298	0	0.0569195674923952	0.0777332607712662	0
Sample_057	0.0845112275930658	0	0.0758110362719832	0.145870882791771	0	0	0	0.168833672809462	0	0.00685723440088007	0.137651436709177	0	0.134260879127271	0	0.037557200986241	0	0	0.0651772558753424	0.00311106048377852	0.0413627092903959	0.0989954036606317	0
Sample_058	0.122104309404075	0	0.0817246476681477	0.00856167717930136	0	0.107619544093062	0	0.186814212733673	0	0	0.0227261733806356	0.0706547341263257	0.120586062816463	0.0158912994399696	0.0222516909763974	0	0.00578275252785941	0.0754340514984493	0.0420651689888197	0.0133587466735984	0.104424928493223	0
Sample_060	0.0706557297476051	0	0.0650771447951146	0.0418326355748997	0	0.091026649624053	0	0.127980423201533	0	0.113680783931276	0.0984524390215291	0	0.187783463678687	0.00335205653599066	0.025276061725695	0	0	0.0684727501512558	0.0324146267650205	0.000379736999884576	0.0736154982474557	0
Sample_061	0.0552297574553913	0	0.0662589052522995	0.088519603474401	0	0.00569986896750996	0	0.180498304960022	0	0.0430237783027626	0.116413650874053	0.0132007007189931	0.248710498251712	0	0.0152118499748678	0	0	0.0583894857085868	0	0.0355854024613738	0.0732581935980272	0
